((("package" .
   [0 1 0 0 0 0 0])
  ("fmt" .
   [0 0 1])
  ("notify-send" .
   [0 0 0 0 0 0 1 0 0 0 0])
  ("mntpoint" .
   [0 0 0 1 0 2 0 0])
  ("the" .
   [1 0 0])
  ("point" .
   [1 0 0 0 0])
  ("mnt" .
   [1 0 0])
  ("chosen" .
   [2 0 0 0 0 0])
  ("mount" .
   [4 0 0 0 0])
  ("sudo" .
   [2 0 0 0])
  ("print" .
   [1 0 0 0 0])
  ("awk" .
   [1 0 0])
  ("-p" .
   [3 0])
  ("bemenu" .
   [3 0 0 0 0 0])
  ("drive" .
   [2 0 0 0 0])
  ("border-radius" .
   [1 0 0 0 0 0 0 0 0 0 0 0 0])
  ("unless" .
   [0 0 0 1 0 0])
  ("xs" .
   [2 0])))
